[1.00000000000000, 0.0]
[1.00000000000000, 0.1111111111111111]
[1.00000000000000, 0.2222222222222222]
[0.770539125444147, 0.3333333333333333]
[0.710500603251924, 0.4444444444444444]
[0.632807718801315, 0.5555555555555556]
[0.589514671402817, 0.6666666666666666]
[0.635570119892753, 0.7777777777777777]
[0.610055462648269, 0.8888888888888888]
[0.661634577558556, 1.0]
[0.999999999999999, 1]
[0.999999999999999, 1]
[1.00000000000000, 0.0]
[1.00000000000000, 0.1111111111111111]
[1.00000000000000, 0.2222222222222222]
[0.770539125444147, 0.3333333333333333]
[0.710500603251924, 0.4444444444444444]
[0.632807718801315, 0.5555555555555556]
[0.589514671402817, 0.6666666666666666]
[0.635570119892753, 0.7777777777777777]
[0.610055462648269, 0.8888888888888888]
[0.999999999999999, 1]
[0.999999999999999, 1]
[0.999999999999999, 1]
[0.999999999999999, 1]
[0.999999999999999, 1]
[0.999999999999999, 1]
[0.999999999999999, 1]
[0.999999999999999, 1]
[0.999999999999999, 1]
[0.999999999999999, 1]
[0.999999999999999, 1]
[0.999999999999999, 1]
[0.999999999999999, 1]
[0.999999999999999, 1]
[0.999999999999999, 1]
[0.999999999999999, 1]
[0.999999999999999, 1]
[0.999999999999999, 1]
[0.999999999999999, 1]
[0.999999999999999, 1]
[0.999999999999999, 1]
[0.999999999999999, 1]
[0.999999999999999, 1]
[0.999999999999999, 1]
[0.999999999999999, 1]
[0.999999999999999, 1]
