[0.9999999999999989, 0.0]
[0.9999999999999989, 0.02564102564102564]
[0.9999999999999989, 0.05128205128205128]
[0.9999999999999989, 0.07692307692307693]
[0.9999999999999989, 0.10256410256410256]
[0.39601139601139757, 0.1282051282051282]
[0.37891737891738064, 0.15384615384615385]
[0.3618233618233637, 0.1794871794871795]
[0.3447293447293468, 0.20512820512820512]
[0.033530571992112554, 0.23076923076923075]
[0.005917159763315646, 0.2564102564102564]
[0.020793950850659815, 0.28205128205128205]
[0.04488330341112994, 0.3076923076923077]
[0.11111111111111925, 0.3333333333333333]
[0.13008130081301558, 0.358974358974359]
[0.1472868217054331, 0.3846153846153846]
[0.16296296296296894, 0.41025641025641024]
[0.17730496453901254, 0.4358974358974359]
[0.14688128772635797, 0.4615384615384615]
[0.1631477927063343, 0.48717948717948717]
[0.17798165137614663, 0.5128205128205128]
[0.19156414762741703, 0.5384615384615384]
[0.097938144329896, 0.5641025641025641]
[0.1176470588235288, 0.5897435897435898]
[0.13551401869158855, 0.6153846153846154]
[0.15178571428571425, 0.641025641025641]
[0.05882352941176526, 0.6666666666666666]
[0.03167420814479638, 0.6923076923076923]
[0.004524886877828614, 0.717948717948718]
[0.021645021645021138, 0.7435897435897436]
[0.045267489711933284, 0.7692307692307692]
[0.3086483992058503, 0.7948717948717948]
[0.2892058550527126, 0.8205128205128205]
[0.26977191601913475, 0.8461538461538461]
[0.2503465763935441, 0.8717948717948718]
[0.6221322537112067, 0.8974358974358974]
[0.6113360323886649, 0.923076923076923]
[0.6005398110661319, 0.9487179487179487]
[0.5897435897435959, 0.9743589743589743]
[0.9999999999999997, 1.0]
