[0.9999999999999997, 0.0]
[0.9999999999999997, 0.02564102564102564]
[0.9999999999999997, 0.05128205128205128]
[0.9999999999999997, 0.07692307692307693]
[0.9999999999999997, 0.10256410256410256]
[0.9999999999999997, 0.1282051282051282]
[0.9999999999999997, 0.15384615384615385]
[0.9999999999999997, 0.1794871794871795]
[0.9999999999999997, 0.20512820512820512]
[0.9999999999999997, 0.23076923076923075]
[0.8974358974358975, 0.2564102564102564]
[0.8871794871794875, 0.28205128205128205]
[0.876923076923077, 0.3076923076923077]
[0.8666666666666668, 0.3333333333333333]
[0.8564102564102568, 0.358974358974359]
[0.8461538461538464, 0.3846153846153846]
[0.8358974358974361, 0.41025641025641024]
[0.8256410256410259, 0.4358974358974359]
[0.8153846153846157, 0.4615384615384615]
[0.8051282051282055, 0.48717948717948717]
[0.9999999999999996, 0.5128205128205128]
[0.9999999999999997, 0.5384615384615384]
[0.9999999999999997, 0.5641025641025641]
[0.9999999999999997, 0.5897435897435898]
[0.9999999999999996, 0.6153846153846154]
[0.9999999999999997, 0.641025641025641]
[0.9999999999999997, 0.6666666666666666]
[0.9999999999999997, 0.6923076923076923]
[0.9999999999999996, 0.717948717948718]
[0.9999999999999996, 0.7435897435897436]
[0.8137931034482767, 0.7692307692307692]
[0.8081264108352153, 0.7948717948717948]
[0.8026607538802673, 0.8205128205128205]
[0.7973856209150338, 0.8461538461538461]
[0.7922912205567463, 0.8717948717948718]
[0.7873684210526327, 0.8974358974358974]
[0.7826086956521751, 0.923076923076923]
[0.7780040733197567, 0.9487179487179487]
[0.7735470941883779, 0.9743589743589743]
[0.7000000000000006, 1.0]
