[1.0, 0.0]
[1.0, 0.02564102564102564]
[1.0, 0.05128205128205128]
[1.0, 0.07692307692307693]
[1.0, 0.10256410256410256]
[0.2170329670329668, 0.1282051282051282]
[0.16758241758241732, 0.15384615384615385]
[0.11813186813186814, 0.1794871794871795]
[0.0686813186813185, 0.20512820512820512]
[0.10576923076923113, 0.23076923076923075]
[0.048076923076922955, 0.2564102564102564]
[0.00943396226415152, 0.28205128205128205]
[0.05932203389830641, 0.3076923076923077]
[0.4166666666666643, 0.3333333333333333]
[0.3782051282051259, 0.358974358974359]
[0.3397435897435866, 0.3846153846153846]
[0.3012820512820482, 0.41025641025641024]
[0.26282051282050956, 0.4358974358974359]
[0.9999999999999996, 0.4615384615384615]
[0.9999999999999988, 0.48717948717948717]
[0.9999999999999981, 0.5128205128205128]
[0.9999999999999981, 0.5384615384615384]
[0.6876640419947504, 0.5641025641025641]
[0.6819338422391856, 0.5897435897435898]
[0.6765432098765429, 0.6153846153846154]
[0.671462829736211, 0.641025641025641]
[0.6071428571428564, 0.6666666666666666]
[0.6037234042553185, 0.6923076923076923]
[0.6005154639175251, 0.717948717948718]
[0.5974999999999994, 0.7435897435897436]
[0.5946601941747568, 0.7692307692307692]
[0.5700082850041424, 0.7948717948717948]
[0.567980691874497, 0.8205128205128205]
[0.5660672400312743, 0.8461538461538461]
[0.5642585551330797, 0.8717948717948718]
[0.5517633674630262, 0.8974358974358974]
[0.5503875968992248, 0.923076923076923]
[0.5490830636461704, 0.9487179487179487]
[0.547844374342797, 0.9743589743589743]
[0.5405405405405407, 1.0]
